S101 Alice 35 55 30 50 38 58 32 52 39 59
S101 Bob 20 20 20 20 20 20 20 20 20 20
S10@ John 30 50 30 50 30 50 30 50 30 50
S102 User123 30 50 30 50 30 50 30 50 30 50
S103 TestMin 45 50 30 50 30 50 30 50 30 50
S103 TestMaj 30 65 30 50 30 50 30 50 30 50
S104 FailCase 10 20 40 60 40 60 40 60 40 60
S105 Topper 40 50 40 50 40 50 40 50 40 50
S106 Edge 20 30 20 30 20 30 20 30 20 30
S111 ThisNameIsWayTooLongAndWillLikelyCrashTheProgramBecauseItExceedsFiftyCharacters 40 60 40 60 40 60 40 60 40 60
S112 BorderLine 20 30 20 30 20 30 20 30 20 30